[ 0.57415557 -0.63808942 -0.36224535  1.06023717 -0.07712983  0.05254694
  1.64508402]
[ 0.36230326 -0.5789426  -0.38528445  1.06835866  0.20858671  0.09320185
  1.64508605]
[ 0.08745624 -0.59872097 -0.35263091  1.08790219  0.39574349  0.08156291
  1.24172497]
[ 0.44913852 -0.05271466  0.07169211  1.7189635  -0.26682037  0.24607733
  1.98834431]
[ 0.05322517 -0.20821288 -0.21772449  1.42384195  0.20912233  0.13523588
  1.4372431 ]
[ 0.26435652 -0.63727915 -0.15906759  1.32645059 -0.00560286  0.43366978
  1.63151181]
[ 0.05058723 -0.60423452 -0.17162758  1.30044985  0.2946589   0.38322628
  1.35885429]
[ 0.25154066 -0.47618136 -0.10336179  1.98862803 -0.00307886  1.27898288
  1.65889716]
[ 0.18193814 -0.75773472 -0.09209981  1.4511745   0.09069394  0.64562631
  1.60264587]
[ 0.55921108 -0.46804309  0.13940856  1.26770318 -0.00258606  0.62576026
  1.60263598]